0.0 0.01963000
60.0 0.02002000
120.0 0.02053000
180.0 0.02100000
240.0 0.02151000
300.0 0.02191000
360.0 0.02233000
420.0 0.02278000
480.0 0.02325000
540.0 0.02377000
600.0 0.02428000
660.0 0.02465000
720.0 0.02506000
780.0 0.02552000
840.0 0.02612000
900.0 0.02660000
960.0 0.02687000
1020.0 0.02732000
1080.0 0.02793000
1140.0 0.02826000
1200.0 0.02891000
1260.0 0.02921000
1320.0 0.02961000
1380.0 0.03029000
1440.0 0.03051000
1500.0 0.03098000
1560.0 0.03137000
1620.0 0.03179000
1680.0 0.03219000
1740.0 0.03262000
1800.0 0.03307000
1860.0 0.03345000
1920.0 0.03403000
1980.0 0.03447000
2040.0 0.03476000
2100.0 0.03513000
2160.0 0.03558000
2220.0 0.03609000
2280.0 0.03646000
2340.0 0.03653000
2400.0 0.03694000
2460.0 0.03731000
2520.0 0.03766000
2580.0 0.03812000
2640.0 0.03840000
2700.0 0.03858000
2760.0 0.03903000
2820.0 0.03940000
2880.0 0.03954000
2940.0 0.04013000
3000.0 0.04011000
3060.0 0.04076000
3120.0 0.04070000
3180.0 0.04128000
3240.0 0.04157000
3300.0 0.04187000
3360.0 0.04205000
3420.0 0.04229000
3480.0 0.04247000
3540.0 0.04277000
3600.0 0.04272000
3660.0 0.04312000
3720.0 0.04333000
3780.0 0.04369000
3840.0 0.04373000
3900.0 0.04389000
3960.0 0.04420000
4020.0 0.04422000
4080.0 0.04435000
4140.0 0.04468000
4200.0 0.04483000
4260.0 0.04491000
4320.0 0.04514000
4380.0 0.04530000
4440.0 0.04543000
4500.0 0.04561000
4560.0 0.04589000
4620.0 0.04585000
4680.0 0.04629000
4740.0 0.04641000
4800.0 0.04633000
4860.0 0.04639000
4920.0 0.04660000
4980.0 0.04687000
5040.0 0.04689000
5100.0 0.04707000
5160.0 0.04705000
5220.0 0.04720000
5280.0 0.04713000
5340.0 0.04744000
5400.0 0.04728000
5460.0 0.04760000
5520.0 0.04777000
5580.0 0.04751000
5640.0 0.04782000
5700.0 0.04765000
5760.0 0.04802000
5820.0 0.04779000
5880.0 0.04827000
5940.0 0.04795000
6000.0 0.04841000
6060.0 0.04840000
6120.0 0.04836000
6180.0 0.04851000
6240.0 0.04858000
6300.0 0.04871000
6360.0 0.04842000
6420.0 0.04864000
6480.0 0.04845000
6540.0 0.04875000
6600.0 0.04858000
6660.0 0.04882000
6720.0 0.04886000
6780.0 0.04885000
6840.0 0.04892000
6900.0 0.04908000
6960.0 0.04913000
7020.0 0.04902000
7080.0 0.04911000
7140.0 0.04930000
7200.0 0.04894000
7260.0 0.04897000
7320.0 0.04898000
7380.0 0.04929000
7440.0 0.04920000
7500.0 0.04941000
7560.0 0.04938000
7620.0 0.04924000
7680.0 0.04954000
7740.0 0.04950000
7800.0 0.04928000
7860.0 0.04935000
7920.0 0.04934000
7980.0 0.04929000
8040.0 0.04930000
8100.0 0.04971000
8160.0 0.04948000
8220.0 0.04947000
8280.0 0.04966000
8340.0 0.04959000
8400.0 0.04980000
8460.0 0.04973000
8520.0 0.04960000
8580.0 0.04956000
8640.0 0.04988000
8700.0 0.04976000
8760.0 0.04989000
8820.0 0.04949000
8880.0 0.04986000
8940.0 0.04977000
9000.0 0.04981000
9060.0 0.05004000
9120.0 0.05009000
9180.0 0.04976000
9240.0 0.04998000
9300.0 0.05016000
9360.0 0.04990000
9420.0 0.04998000
9480.0 0.04997000
9540.0 0.04990000
9600.0 0.05021000
9660.0 0.05014000
9720.0 0.04981000
9780.0 0.05025000
9840.0 0.05019000
9900.0 0.04989000
9960.0 0.05017000
10020.0 0.04980000
10080.0 0.05025000
10140.0 0.05008000
10200.0 0.05008000
10260.0 0.04980000
10320.0 0.05020000
10380.0 0.04976000
10440.0 0.04987000
10500.0 0.04982000
10560.0 0.05014000
10620.0 0.04985000
10680.0 0.05021000
10740.0 0.05008000
10800.0 0.04977000
10860.0 0.04975000
10920.0 0.04978000
10980.0 0.05005000
11040.0 0.05015000
11100.0 0.04987000
11160.0 0.05017000
11220.0 0.04978000
11280.0 0.05015000
11340.0 0.05021000
11400.0 0.05014000
11460.0 0.05010000
11520.0 0.05017000
11580.0 0.04977000
11640.0 0.04985000
11700.0 0.04981000
11760.0 0.05000000
11820.0 0.05012000
11880.0 0.05007000
11940.0 0.05018000
12000.0 0.04983000
12060.0 0.05012000
12120.0 0.04985000
12180.0 0.04989000
12240.0 0.05010000
12300.0 0.05024000
12360.0 0.05006000
12420.0 0.04978000
12480.0 0.05006000
12540.0 0.04977000
12600.0 0.05019000
12660.0 0.05010000
12720.0 0.04984000
12780.0 0.04980000
12840.0 0.04984000
12900.0 0.05024000
12960.0 0.04998000
13020.0 0.05014000
13080.0 0.05007000
13140.0 0.05004000
13200.0 0.04982000
13260.0 0.05022000
13320.0 0.04990000
13380.0 0.05004000
13440.0 0.05010000
13500.0 0.05007000
13560.0 0.05022000
13620.0 0.04982000
13680.0 0.05000000
13740.0 0.04995000
13800.0 0.04999000
13860.0 0.04981000
13920.0 0.04982000
13980.0 0.04989000
14040.0 0.04990000
14100.0 0.04996000
14160.0 0.05006000
14220.0 0.05007000
14280.0 0.04996000
14340.0 0.04995000
14400.0 0.04986000
