0.0 28.000000
60.0 28.528000
120.0 29.192000
180.0 29.684000
240.0 30.037000
300.0 30.834000
360.0 31.293000
420.0 31.820000
480.0 32.121000
540.0 32.730000
600.0 33.202000
660.0 33.879000
720.0 34.268000
780.0 34.806000
840.0 35.142000
900.0 35.524000
960.0 36.091000
1020.0 36.354000
1080.0 37.067000
1140.0 37.419000
1200.0 37.882000
1260.0 38.134000
1320.0 38.767000
1380.0 39.125000
1440.0 39.458000
1500.0 39.595000
1560.0 40.061000
1620.0 40.238000
1680.0 40.621000
1740.0 41.166000
1800.0 41.513000
1860.0 41.918000
1920.0 41.952000
1980.0 42.263000
2040.0 42.589000
2100.0 42.745000
2160.0 42.985000
2220.0 43.393000
2280.0 43.534000
2340.0 43.970000
2400.0 44.102000
2460.0 44.503000
2520.0 44.663000
2580.0 44.701000
2640.0 45.138000
2700.0 45.323000
2760.0 45.324000
2820.0 45.462000
2880.0 45.818000
2940.0 45.739000
3000.0 45.930000
3060.0 45.999000
3120.0 46.512000
3180.0 46.602000
3240.0 46.761000
3300.0 46.933000
3360.0 46.912000
3420.0 47.089000
3480.0 47.008000
3540.0 47.111000
3600.0 47.485000
3660.0 47.498000
3720.0 47.646000
3780.0 47.840000
3840.0 47.873000
3900.0 47.926000
3960.0 48.016000
4020.0 47.977000
4080.0 47.926000
4140.0 48.199000
4200.0 48.166000
4260.0 48.331000
4320.0 48.615000
4380.0 48.380000
4440.0 48.357000
4500.0 48.526000
4560.0 48.590000
4620.0 48.825000
4680.0 48.827000
4740.0 48.988000
4800.0 48.979000
4860.0 48.900000
4920.0 49.144000
4980.0 48.870000
5040.0 48.840000
5100.0 48.913000
5160.0 49.261000
5220.0 49.169000
5280.0 49.056000
5340.0 49.257000
5400.0 49.116000
5460.0 49.415000
5520.0 49.321000
5580.0 49.317000
5640.0 49.304000
5700.0 49.492000
5760.0 49.384000
5820.0 49.272000
5880.0 49.310000
5940.0 49.749000
6000.0 49.743000
6060.0 49.660000
6120.0 49.463000
6180.0 49.830000
6240.0 49.753000
6300.0 49.739000
6360.0 49.622000
6420.0 49.550000
6480.0 49.477000
6540.0 49.891000
6600.0 49.683000
6660.0 49.569000
6720.0 49.633000
6780.0 49.781000
6840.0 49.592000
6900.0 49.941000
6960.0 49.902000
7020.0 49.892000
7080.0 49.759000
7140.0 49.865000
7200.0 49.852000
7260.0 49.893000
7320.0 49.619000
7380.0 49.792000
7440.0 49.612000
7500.0 49.845000
7560.0 49.770000
7620.0 49.683000
7680.0 49.669000
7740.0 49.916000
7800.0 49.714000
7860.0 50.095000
7920.0 49.929000
7980.0 49.817000
8040.0 49.943000
8100.0 49.664000
8160.0 50.135000
8220.0 49.902000
8280.0 50.056000
8340.0 49.710000
8400.0 49.915000
8460.0 49.920000
8520.0 50.147000
8580.0 49.967000
8640.0 49.921000
8700.0 49.821000
8760.0 49.856000
8820.0 49.953000
8880.0 49.915000
8940.0 49.708000
9000.0 50.163000
9060.0 50.198000
9120.0 49.820000
9180.0 50.027000
9240.0 49.804000
9300.0 50.086000
9360.0 49.891000
9420.0 50.080000
9480.0 50.113000
9540.0 50.134000
9600.0 49.804000
9660.0 50.208000
9720.0 49.865000
9780.0 49.769000
9840.0 50.027000
9900.0 49.935000
9960.0 50.165000
10020.0 50.154000
10080.0 49.909000
10140.0 50.226000
10200.0 49.895000
10260.0 50.008000
10320.0 49.878000
10380.0 50.218000
10440.0 49.832000
10500.0 49.772000
10560.0 49.968000
10620.0 50.246000
10680.0 50.196000
10740.0 50.124000
10800.0 50.195000
10860.0 50.197000
10920.0 50.009000
10980.0 49.908000
11040.0 50.136000
11100.0 50.081000
11160.0 49.937000
11220.0 49.797000
11280.0 50.123000
11340.0 49.881000
11400.0 50.218000
11460.0 49.870000
11520.0 49.811000
11580.0 50.166000
11640.0 49.827000
11700.0 49.840000
11760.0 50.050000
11820.0 50.187000
11880.0 49.848000
11940.0 49.905000
12000.0 50.139000
12060.0 50.236000
12120.0 50.000000
12180.0 49.822000
12240.0 49.757000
12300.0 49.865000
12360.0 49.816000
12420.0 50.089000
12480.0 49.811000
12540.0 50.003000
12600.0 50.097000
12660.0 50.041000
12720.0 49.850000
12780.0 50.152000
12840.0 50.108000
12900.0 50.119000
12960.0 49.816000
13020.0 49.812000
13080.0 50.214000
13140.0 49.949000
13200.0 49.900000
13260.0 49.994000
13320.0 50.081000
13380.0 50.228000
13440.0 49.893000
13500.0 50.212000
13560.0 49.762000
13620.0 50.028000
13680.0 50.067000
13740.0 49.803000
13800.0 49.820000
13860.0 49.960000
13920.0 50.233000
13980.0 50.048000
14040.0 50.217000
14100.0 50.152000
14160.0 49.984000
14220.0 50.142000
14280.0 49.759000
14340.0 49.805000
14400.0 50.165000
